-117.74953 35.74054 -117.76492 35.81665 -117.78146 35.91292 -117.76387 35.99371 -117.76424 36.03181 -117.77171 36.04371 -117.76181 36.06619 -117.76664 36.09006 -117.75441 36.15812
-121.25484 40.49096 -121.23453 40.38504 -121.15994 40.28852 -121.15368 40.24237 -121.129 40.201
-118.695 33.9832 -118.743 33.9731 -118.819 33.9581 -118.935 33.9474 -119.02 33.9698 -119.145 33.9748 -119.228 33.9388
-117.945452 33.777897 -117.980239 33.805927 -118.026656 33.843286 -118.065269 33.878267
-119.47382 38.46982 -119.47398 38.50131 -119.50298 38.54691 -119.51598 38.57771 -119.52734 38.58288 -119.52199 38.59551 -119.52998 38.62432 -119.52897 38.64584 -119.54598 38.66941 -119.55594 38.71518 -119.56947 38.7361 -119.58599 38.78094 -119.59695 38.79291 -119.60065 38.80887 -119.62408 38.84211
-117.4596 36.3944 -117.4394 36.33586 -117.42684 36.31278 -117.41991 36.28315 -117.4191 36.25367 -117.40568 36.229 -117.37966 36.16482 -117.34282 36.10473 -117.33019 36.05056 -117.29209 35.97651
-115.92044 34.92186 -116.10782 35.20719 -116.19899 35.3277 -116.25315 35.51841 -116.31527 35.56638 -116.37981 35.58964
-122.49936 38.99726 -122.59732 39.08996 -122.65323 39.15179 -122.75552 39.21585 -122.86929 39.35009 -122.91976 39.39771 -122.95553 39.4664 -123.04565 39.58348 -123.12053 39.65001 -123.2182 39.70329 -123.27021 39.74837 -123.28762 39.80548 -123.33892 39.90005 -123.39605 39.96296 -123.43804 40.0303 -123.42427 40.07723 -123.44954 40.17096 -123.49065 40.20732
-122.59818 40.21614 -122.52196 40.26063 -122.4672 40.28735 -122.39473 40.31957 -122.32905 40.34599 -122.20173 40.38887 -121.8548 40.46515
-124.12133 40.34101 -124.21092 40.43662 -124.39597 40.45894 -124.55808 40.52401 -124.70078 40.59973
-122.46963 38.22547 -122.53673 38.29239 -122.59186 38.37576 -122.64652 38.43466 -122.65549 38.48029
-116.66601 35.28026 -116.612794 35.270586 -116.506884 35.228519 -116.457685 35.227598
-123.82235 40.76243 -123.82343 40.85097 -123.854 40.93321 -123.94111 40.99904 -124.01005 41.10284 -124.07822 41.14365 -124.14108 41.22261 -124.21502 41.34851 -124.24503 41.40357 -124.27341 41.46798 -124.35793 41.55917 -124.42645 41.65595 -124.46381 41.89812 -124.51038 41.9464 -124.59484 41.99637 -124.64301 42.05122 -124.67847 42.14403 -124.70946 42.25195 -124.74921 42.33455
-119.356571 34.667885 -119.296537 34.687405 -119.259664 34.70893 -119.214746 34.723146 -119.124053 34.710147
-119.005598 34.819712 -119.049737 34.787833 -119.180939 34.734744 -119.231912 34.744452
-119.427048 34.665129 -119.518615 34.67289 -119.564294 34.669032 -119.624107 34.670117
-116.99329 35.00138 -117.128 35.1058 -117.214 35.2274 -117.313 35.3663 -117.413 35.4494
-116.265808 33.905735 -116.109228 33.899764 -116.009501 33.912919 -115.940647 33.908754 -115.831339 33.911357 -115.67349 33.919631 -115.563084 33.929766 -115.409436 33.940892
-115.77745 33.402014 -115.553226 32.897084
-118.5609 35.372 -118.5483 35.4037 -118.5454 35.439 -118.5457 35.4686
-115.99739 34.30545 -116.03158 34.34793 -116.03929 34.38156 -116.05971 34.41721 -116.10462 34.43961 -116.15165 34.48311 -116.20348 34.51416 -116.25405 34.56052
-116.411983 34.122116 -116.410079 34.093584 -116.412727 34.060684 -116.399837 34.034956 -116.39545 34.013122 -116.395506 33.989177 -116.390507 33.934795
-121.928086 37.121111 -121.99243 37.144104 -122.081102 37.197708 -122.175829 37.215362 -122.272726 37.272789 -122.386786 37.307124
-116.65687 34.9317 -116.575637 34.905512 -116.47274 34.893413 -116.369842 34.899412 -116.31419 34.89754
-121.517416 37.056886 -121.559982 37.132357 -121.605023 37.174063 -121.670235 37.252051 -121.685507 37.300266 -121.770871 37.389695 -121.816351 37.456685
-122.04275 37.84409 -121.96061 37.755476 -121.932865 37.692653 -121.89005 37.619946 -121.834632 37.510254 -121.816351 37.456685
-121.3961 36.83948 -121.35454 36.78515 -121.29544 36.73871 -121.24458 36.68274 -121.12877 36.578 -121.06315 36.52241 -120.97386 36.42583
-121.396129 36.839484 -121.422021 36.893924 -121.457371 36.966406 -121.517416 37.056086
-116.153 34.1726 -116.222 34.2872 -116.264 34.361 -116.342 34.4768 -116.458 34.5847 -116.495 34.6353 -116.529 34.6744 -116.561 34.7191 -116.596 34.7524 -116.689 34.8568 -116.795 34.9242 -116.837 34.9388 -116.9293 34.999439
-116.5782 34.5823 -116.674 34.6475 -116.734 34.6994 -116.808 34.7525 -116.857 34.7831 -116.884 34.8312 -116.917 34.8715
-115.418692 32.315722 -115.468101 32.278401 -115.475179 32.241551 -115.468761 32.204041 -115.360814 32.135308 -115.343428 32.09116 -115.331863 32.050083
-117.473154 32.834115 -117.443215 32.947119 -117.44774 33.012177 -117.487824 33.049849 -117.56253 33.053418
-119.8089927 38.66870741 -119.8189964 38.78250231 -119.79866 38.81354 -119.801999 38.85720425 -119.8369964 38.88559941 -119.8449999 38.89982814 -119.8404979 38.91195494 -119.8480594 38.93138257 -119.8378214 38.95419128 -119.8409567 38.97156593 -119.8316256 38.98117989 -119.8343958 38.98974366 -119.8455121 38.99564849 -119.8487705 39.00684826 -119.8436666 39.02682901 -119.8313295 39.04369381 -119.8444141 39.06114546 -119.8461164 39.08476601 -119.8550889 39.0971017 -119.8569051 39.11250148
-120.76132 34.98364 -120.69929 34.95857 -120.6089 34.93003 -120.49401 34.86013 -120.39677 34.84395 -120.34315 34.75868
-121.901359 41.525668 -121.94468 41.819858 -121.963011 41.945268 -122.116304 42.198573
-115.612139 32.650793 -115.376129 32.467296 -115.341379 32.439508 -115.286508 32.405134 -115.236572 32.371519 -115.160502 32.314109 -115.083805 32.261723 -115.007619 32.209411 -114.933083 32.152218
-119.263 34.0258 -119.361 34.001 -119.466 33.9884 -119.525 33.9866 -119.633 33.9612 -119.68 33.9431 -119.757 33.9431 -119.815 33.9457 -119.882 33.9745
-120.006731 34.288056 -119.959364 34.292796 -119.859259 34.271861 -119.780974 34.223444 -119.743551 34.192641 -119.691446 34.183034 -119.584945 34.158421 -119.542094 34.132412 -119.454882 34.100105 -119.406559 34.068775
-117.745 34.0314 -117.708 33.9655 -117.648 33.9073 -117.597 33.8519
-117.84576 34.24019 -117.88438 34.2218 -117.92792 34.21812 -117.99902 34.17766
-121.96186 37.97647 -121.8848 37.91427 -121.84729 37.86098
-117.47254 34.30754 -117.38795 34.28579 -117.3455 34.29428 -117.31718 34.2773 -117.25774 34.27447 -117.20396 34.28296
-115.7345 34.18407 -115.7732 34.22187 -115.82039 34.31538 -115.84502 34.37413 -115.87576 34.41086
-115.85938 34.2534 -115.90117 34.32668 -115.95714 34.38185 -115.96722 34.40879
-122.847387 38.940798 -122.790517 38.889872 -122.704037 38.803727 -122.610364 38.753656 -122.56019 38.726
-118.06065 33.681271 -118.13114 33.725707 -118.178632 33.742664 -118.228044 33.760373 -118.269024 33.782097 -118.314705 33.800599 -118.359447 33.818304 -118.436549 33.845903 -118.502802 33.872672 -118.546856 33.900583 -118.586304 33.934066 -118.60775 33.966184 -118.625465 34.000715
-122.089 38.04365 -122.05575 37.9984 -122.01334 37.94444 -121.99009 37.89992
-122.09325 37.85123 -122.11657 37.92495
-122.24144 38.15416 -122.20071 38.09911 -122.14587 37.99222 -122.13701 37.94731 -122.10687 37.9086
-117.53117 32.88249 -117.52 32.8655 -117.507 32.8085 -117.467 32.7524 -117.433 32.7235 -117.413 32.6786 -117.344 32.6238 -117.315 32.594 -117.298 32.5519 -117.266 32.4949 -116.84 31.89
-116.806927 35.331214 -116.570533 35.311911 -116.523034 35.32751 -116.437736 35.327211 -116.4066 35.34274
-116.94055 35.04897 -116.773829 35.146113 -116.668132 35.151312 -116.552535 35.146111 -116.479537 35.155112 -116.40537 35.1634
-117.441461 34.180379 -117.454072 34.173413 -117.477215 34.166992 -117.495397 34.16741 -117.520479 34.168284 -117.558241 34.170949 -117.568768 34.171789 -117.577327 34.165929 -117.633099 34.162916 -117.662658 34.148427 -117.7414 34.12329
-120.36141 41.8863 -120.36531 41.78795 -120.30027 41.62299
-116.88108 36.53986 -116.84797 36.42435 -116.79481 36.35862 -116.78998 36.3398 -116.77017 36.30015 -116.760968 36.26197 -116.761017 36.144408 -116.724561 36.094185 -116.761017 36.048861 -116.723042 35.991288 -116.690384 35.891786
-117.66754 37.301939 -117.69734 37.320839 -117.762521 37.347459 -117.807314 37.367435 -117.963813 37.523329 -118.034014 37.589016 -118.05708 37.600119 -118.074665 37.61347 -118.093227 37.661433 -118.123992 37.716062 -118.154969 37.751708 -118.192306 37.828651
-116.88108 36.53986 -117.08961 36.69773 -117.16017 36.75781 -117.2979 36.92502 -117.32351 36.9574 -117.39842 37.03182 -117.50039 37.12219 -117.53905 37.17632 -117.653 37.2941
-116.399 35.6015 -116.44051 35.632136 -116.462535 35.667124 -116.62127 35.841452 -116.664 35.8748 -116.690384 35.891786
-117.942479 37.434854 -117.956234 37.396842 -117.958985 37.381965 -117.973841 37.366649 -117.987046 37.349152 -117.99695 37.320704 -118.014556 37.286573 -118.032713 37.255067 -118.059673 37.230563
-118.753946 34.430159 -118.685602 34.427771 -118.663183 34.409441
-120.25138 39.35781 -120.11253 39.46911 -120.03312 39.56493
-117.60142 37.02661 -117.61026 37.00915 -117.61088 36.99294 -117.64915 36.91648 -117.6746 36.83409 -117.74824 36.80303
-116.585929 33.180546 -116.565 33.1626 -116.527 33.1369 -116.497 33.1106 -116.412291 33.071769
-116.852 33.3756 -116.797 33.327 -116.697 33.2652 -116.669 33.2371 -116.612 33.2029 -116.585929 33.180546
-116.412291 33.071769 -116.384 33.0588 -116.321 33.0377
-120.01097 34.78578 -120.1018 34.83445 -120.16278 34.93507 -120.20579 34.98337 -120.27206 35.0642 -120.31805 35.13668 -120.38921 35.25024 -120.49199 35.30063
-123.30672 39.99881 -123.31839 40.05565 -123.36855 40.12674 -123.41045 40.21308 -123.48884 40.30714 -123.55667 40.36494 -123.58446 40.4185 -123.68075 40.52052 -123.71894 40.56957 -123.83089 40.67706 -123.8734 40.75386
-115.65569 33.23095 -115.85434 33.0299
-116.006 32.779 -116.099 32.8144 -116.178 32.8377 -116.230217 32.889212 -116.264437 32.930814 -116.336673 32.974771
-117.59 33.8289 -117.548 33.8129 -117.463316 33.745095 -117.445676 33.731832 -117.424151 33.71851 -117.402646 33.704534 -117.372703 33.685223
-116.355681 32.949652 -116.407007 32.98262 -116.460233 33.010878 -116.519163 33.04934 -116.628 33.1225 -116.690249 33.178071 -116.729217 33.208684 -116.791 33.2465 -116.844 33.279 -116.952 33.332 -117.0082 33.3409
-117.372703 33.685223 -117.280987 33.6116
-117.280987 33.6116 -117.204486 33.558972 -117.172139 33.528941 -117.141723 33.497543 -117.053329 33.422973 -117.030907 33.391404 -117.015177 33.370306 -117.008194 33.340914
-117.949297 33.853286 -118.125953 33.968959 -118.325895 34.054625
-118.09977 34.06834 -118.130356 34.061222 -118.234761 34.067455 -118.29677 34.112583
-116.179282 34.15781 -116.205275 34.171795 -116.242097 34.211285 -116.266747 34.237947 -116.283789 34.25329 -116.304178 34.308123 -116.316808 34.333549 -116.350279 34.3728 -116.379193 34.406528 -116.417841 34.437626 -116.439143 34.450416 -116.478814 34.471298 -116.494833 34.486404 -116.522526 34.508724 -116.539872 34.529414 -116.573951 34.568548 -116.651362 34.614852 -116.674 34.6475
-116.342099 33.960741 -116.343171 33.994664 -116.346503 34.009912 -116.353152 34.023916 -116.355143 34.044542 -116.39458 34.122446
-123.964615 40.743939 -123.989634 40.784578 -124.047039 40.857894 -124.18397 40.978649
-118.39229 37.58187 -118.39709 37.47404 -118.40469 37.42886 -118.37722 37.36264 -118.39971 37.3248
-120.39623 41.64475 -120.38709 41.57812 -120.43788 41.49361 -120.44423 41.42228 -120.4351 41.33447 -120.446 41.24267
-117.408975 34.144692 -117.453301 34.104829 -117.486556 34.074915 -117.524176 34.040982 -117.584561 33.986478
-122.04384 37.84564 -122.07934 37.91325 -122.15863 37.96919 -122.19739 38.01942 -122.24168 38.0597 -122.28299 38.12487
-123.63528 39.98846 -123.76128 40.06264 -123.85564 40.08679 -123.95011 40.15637 -124.04452 40.25189 -124.06922 40.29361 -124.12122 40.36002
-116.69123 35.257513 -116.636832 35.226312 -116.575634 35.179313
-118.023951 35.283464 -117.749306 35.423221 -117.486869 35.497199 -117.157923 35.567603 -117.010672 35.601818 -116.878945 35.598328
-116.878945 35.598328 -116.817963 35.596712 -116.59081 35.593578 -116.466969 35.586404 -116.379721 35.590401
-118.918332 34.823616 -118.871234 34.828441 -118.822811 34.849237 -118.770808 34.882252 -118.666992 34.931375 -118.474655 34.995769 -118.375398 35.047698 -118.332596 35.078809 -118.119122 35.186465 -118.061341 35.223252 -118.010318 35.271292
-121.59885 41.66038 -121.56401 41.72962 -121.56709 41.77859 -121.55749 41.86925 -121.56868 41.97464
-116.73919 35.22503 -116.75886 35.23994 -116.77161 35.25658 -116.79599 35.31392 -116.81729 35.33188 -116.83377 35.36295 -116.83531 35.39488 -116.86464 35.41766 -116.89722 35.42644 -116.91536 35.44744 -116.94742 35.46714
-120.34904 42.28169 -120.36617 42.23824 -120.34634 42.15486 -120.30598 42.07263 -120.2905 41.9851 -120.31567 41.9247 -120.22055 41.80407 -120.17294 41.76143
-116.91851 34.87243 -116.96001 34.88799 -117.01707 34.94894 -117.33739 35.17459 -117.4541 35.25629
-122.29969 39.67855 -122.28082 39.28571
-122.28084 39.28581 -122.29219 39.08907
-122.27771 39.11694 -122.048356 38.690117
-121.877923 38.623857 -121.90759 38.712318 -122.033643 38.831745
-122.092133 38.688028 -121.998998 38.531579
-122.047365 38.528456 -122.029403 38.439722 -121.946302 38.286695
-121.9046 38.03651 -121.88764 38.08331 -121.95244 38.2145
-121.82013 38.42867 -121.74111 38.31374 -121.70884 38.2545 -121.65735 38.16717 -121.63433 38.08289 -121.61717 37.99822 -121.62939 37.90707 -121.64807 37.8457
-121.52409 37.73443 -121.051 37.276
-121.095 37.245 -120.98939 37.09232
-120.98671 37.10314 -120.74888 36.8083
-120.7585 36.79945 -120.64514 36.62798
-120.65305 36.64091 -120.44764 36.49507
-120.43829 36.47943 -120.34914 36.33982
-120.358 36.3547 -120.254 36.2671 -120.114 36.1499
-120.139 36.1316 -120.068 36.0909 -119.973 36.0366 -119.921 36.0068
-122.22314 38.4154 -122.16127 38.23303 -122.13282 38.15394 -122.11043 38.10879 -122.089 38.04365
-121.54175 37.50736 -121.61777 37.62192 -121.6632 37.67132 -121.77345 37.78807 -121.80174 37.82729 -121.87529 37.8715
-121.46941 37.2544 -121.47493 37.30207 -121.50159 37.38182 -121.51915 37.46308 -121.54175 37.50736
-119.00346 37.64553 -119.00763 37.69547 -119.03345 37.7628 -119.08223 37.83408
-121.63309 41.451073 -121.43314 41.108366 -121.439804 40.934529 -121.373156 40.616655 -121.29094 40.56274
-122.17796 37.78233 -122.21612 37.83213 -122.29734 37.92933 -122.413 38.05746 -122.44447 38.10584 -122.47402 38.19634
-121.80236 37.39713 -121.91453 37.48312 -122.00413 37.59493 -122.05088 37.63995 -122.09226 37.68095 -122.17796 37.78233
-121.66376 37.23402 -121.72471 37.25782 -121.73979 37.30292 -121.77509 37.34573 -121.80236 37.39713
-116.376742 34.715154 -116.356436 34.659556 -116.313158 34.604367 -116.268631 34.560438 -116.25713 34.49116
-116.815 34.3248 -116.857 34.3757 -116.945 34.441 -117.064 34.5394 -117.106 34.6038 -117.328 34.7868 -117.418 34.9156 -117.497 35.0428 -117.597 35.1087
-118.763 37.50661 -118.80758 37.60673 -118.8874 37.67064 -118.94945 37.73181
-118.223 34.1217 -118.31696 34.1104 -118.37228 34.09908 -118.42069 34.0786
-118.75333 34.43862 -118.73447 34.43862 -118.6741 34.44993 -118.64267 34.44868 -118.51295 34.40599
-116.3136 34.1598 -116.3275 34.1854 -116.3348 34.2109 -116.3654 34.2367 -116.4008 34.2866 -116.4089 34.3108 -116.4263 34.3213 -116.450801 34.364116 -116.495 34.4418 -116.527381 34.48985 -116.537289 34.520571
-120.0082 39.97361 -120.06525 40.00619 -120.13707 40.06618 -120.25874 40.15767 -120.44834 40.23236 -120.49169 40.28504 -120.66108 40.32371
-120.746 34.8548 -120.766 34.8931 -120.795 34.934 -120.805 34.9754 -120.834 35.0469 -120.866 35.1085 -120.879 35.1429 -120.91703 35.20629 -120.97277 35.31748 -121.002 35.3547 -121.046 35.4214 -121.064 35.4542 -121.091 35.502 -121.158 35.6027 -121.194 35.6523 -121.241 35.7005 -121.286 35.7437 -121.319 35.7685 -121.365 35.7917 -121.418 35.8356 -121.453 35.8623 -121.494 35.8946 -121.517 35.9287 -121.561 35.968 -121.727 36.1462
-120.686471 34.604563 -120.687376 34.663014 -120.691035 34.707458 -120.732081 34.795312 -120.746 34.8548
-117.3955 36.4467 -117.432487 36.475264 -117.540109 36.523263 -117.620825 36.569909 -117.681362 36.617232 -117.821774 36.660499 -117.84952 36.705117 -117.875585 36.754468 -117.952097 36.924155
-122.36415 38.68143 -122.38694 38.78288 -122.38422 38.83594 -122.4062 38.88398 -122.45538 38.94115 -122.49994 38.99726
-122.22314 38.4154 -122.2501 38.46641 -122.24012 38.55527 -122.298629 38.62339 -122.3441 38.65787 -122.44815 38.75121
-115.169 32.47 -115.499817 32.83587 -115.535858 32.880439 -115.552535 32.925506
-119.9985 39.12404 -119.96622 39.18032 -119.96096 39.25654 -119.93115 39.29494
-118.092 36.5015 -118.168 36.5586 -118.224 36.6239 -118.234 36.6634 -118.302 36.7735 -118.32 36.8287 -118.304 36.8802 -118.33651 36.97624 -118.34528 37.00376 -118.36655 37.03629 -118.40533 37.07131 -118.40408 37.09883
-120.25334 41.04585 -120.30025 41.17834 -120.33973 41.22717 -120.31213 41.28048 -120.33248 41.30531 -120.31496 41.35832
-116.421 34.1682 -116.437 34.1967 -116.441 34.2736 -116.453901 34.308166 -116.458202 34.313201 -116.481617 34.343383 -116.506919 34.375366 -116.55389 34.410503 -116.584535 34.430325 -116.63191 34.475372 -116.654236 34.49249 -116.694803 34.544745 -116.69808 34.556007
-116.297252 34.084515 -116.318152 34.024915 -116.319952 33.986815 -116.300254 33.932314
-120.84669 40.09097 -120.90872 40.16722 -121.03523 40.22474 -121.10734 40.27137
-118.5315 35.462 -118.5316 35.4828 -118.5008 35.5873 -118.4321 35.7259 -118.4201 35.7654
-118.4255 36.1915 -118.4119 36.2809 -118.416 36.4407 -118.409 36.5471 -118.427 36.658
-118.4019 35.7667 -118.4505 35.8988 -118.4615 35.9641 -118.4394 36.1309 -118.4255 36.1915
-116.453901 34.308166 -116.450801 34.364116
-124.34661 40.24023 -124.26705 40.21775 -124.07635 40.14691 -123.98954 40.01043
-119.95092 35.06102 -120.07321 35.13816 -120.13927 35.1943 -120.1879 35.23274 -120.24909 35.26057 -120.32161 35.32461 -120.39464 35.37101 -120.43647 35.40467 -120.50408 35.51085
-115.099 32.1608 -115.2 32.2014 -115.244 32.222 -115.287 32.2432 -115.327 32.263 -115.4 32.2883 -115.72 32.5449 -115.808 32.5919 -115.84 32.6628 -115.883 32.7271
-118.444245 35.475091 -118.314082 35.882723 -118.313081 35.966722 -118.33558 36.000022
-121.68396 37.69065 -121.81327 37.60758
-120.0097 39.6 -120.07539 39.75539 -120.06318 39.88251 -120.02241 39.93181
-116.643 34.3498 -116.696 34.4631 -116.767 34.5527 -116.842 34.6451 -116.926 34.7504 -117.085 34.8715 -117.248 34.9536 -117.474 35.0523 -117.776 35.2155
-120.2451 40.891 -120.36126 40.983 -120.42656 41.0619 -120.49539 41.11566 -120.54455 41.16851 -120.59658 41.21307 -120.63558 41.25979 -120.72691 41.33144 -120.82899 41.39655 -120.91378 41.46082 -120.96333 41.50169
-120.10267 34.64919 -120.17155 34.66889 -120.22042 34.69663 -120.30271 34.70561 -120.43299 34.72727 -120.57189 34.84819 -120.6313 34.87339 -120.72587 34.88867
-117.647489 35.605158 -117.809069 35.811263 -117.88341 35.906877 -117.91253 35.93426
-124.231 40.764 -124.352 40.796 -124.47499 40.941 -124.64099 41.004
-123.99 40.534 -124.10399 40.584 -124.178 40.646 -124.231 40.764
-120.33777 34.75688 -120.20994 34.72672 -120.13519 34.67907 -120.08999 34.63919
-120.08898 34.63918 -119.922328 34.5945 -119.8734 34.5556
-121.923 37.976 -121.98444 37.99988 -122.03621 38.06498 -122.10265 38.08894
-120.995 35.362 -120.86641 35.30209 -120.78181 35.29963 -120.73522 35.28492 -120.68373 35.24569 -120.6543 35.20891 -120.53171 35.16967 -120.48144 35.12554 -120.45692 35.12186
-119.921961 35.802384 -119.866983 35.744226 -119.812086 35.686036 -119.75727 35.62782 -119.702535 35.569574
-116.249845 34.95961 -116.202447 34.906711 -116.216647 34.823711 -116.188248 34.78341 -116.16055 34.70521 -115.86622 34.43188
-122.64723 38.49992 -122.74301 38.61613 -122.80191 38.68105 -122.95799 38.81569 -123.08372 39.01752 -123.20118 39.19988 -123.232 39.25114 -123.26325 39.29359 -123.34474 39.39546 -123.37588 39.43605 -123.55313 39.72345 -123.67168 39.84598
-123.924553 40.747027 -123.959042 40.808491 -123.996325 40.837182 -124.06962 40.899533 -124.111699 40.933175 -124.148738 40.98371 -124.233198 41.032106
-118.932988 34.048162 -118.994236 34.05267 -119.086117 34.059373 -119.178008 34.066007 -119.239275 34.070392 -119.307624 34.067542
-118.525 34.0287 -118.62 34.0374 -118.68 34.0392 -118.727 34.0323 -118.798 34.033 -118.933 34.0464
-116.75702 34.92618 -116.544637 34.981013 -116.365241 35.024411 -116.29915 35.03844 -116.23384 35.0142 -116.13686 35.01044
-123.863791 40.757123 -123.903432 40.791765 -123.941961 40.817474 -123.998518 40.858027 -124.051314 40.909512 -124.090756 40.962026 -124.183083 41.058082 -124.232728 41.065889
-116.962521 35.499215 -116.861223 35.478314 -116.670928 35.491612 -116.482333 35.496011 -116.393036 35.45091
-124.34336 40.20667 -124.411908 40.262165 -124.696 40.3717 -125.354058 40.399137 -125.840999 40.41508 -126.381199 40.412181
-122.043243 37.63282 -121.981256 37.595223 -121.878307 37.507004 -121.816351 37.456685
-116.572397 34.003583 -116.619382 34.018736 -116.695045 34.039421 -116.739703 34.048826 -116.836461 34.045845 -116.899455 34.025506
-118.42055 34.26115 -118.458435 34.278963 -118.55724 34.27385
-119.89769 34.42981 -119.86875 34.42478 -119.80713 34.43359 -119.78575 34.43359 -119.75055 34.44113 -119.743 34.44239 -119.69144 34.44994 -119.61095 34.44113 -119.51036 34.43107 -119.47137 34.4273 -119.4261 34.41598 -119.34562 34.42353 -119.28778 34.42981 -119.20226 34.44994 -119.16579 34.47005
-120.36871 39.49015 -120.39812 39.55919 -120.45316 39.63868 -120.51774 39.68093 -120.61715 39.74266 -120.75544 39.97353
-119.10841 37.94299 -119.18003 38.03399 -119.18152 38.10195
-122.31425 37.4766 -122.10292 37.35314 -122.06992 37.31305 -122.01027 37.27489 -121.95536 37.24308 -121.89396 37.21551 -121.75524 37.19444
-121.50309 36.35759 -121.59573 36.40017 -121.6489 36.43872 -121.73531 36.46929 -121.86559 36.58495 -122.01049 36.8136 -122.12216 36.92128
-119.485067 34.94336 -119.547019 34.949759 -119.593803 34.959257 -119.673886 34.981774
-119.721646 34.974815 -119.762903 34.994004 -119.812381 35.029418 -119.848771 35.088524 -119.9204 35.163291
-121.9081 37.77295 -121.96558 37.80168 -122.04979 37.89604
-121.78523 37.72407 -121.90313 37.76546
-116.907123 35.436515 -116.845425 35.429312 -116.63503 35.444711 -116.510933 35.42691 -116.43644 35.41752 -116.3531 35.38808
-117.91455 33.59104 -117.79886 33.50804 -117.68819 33.40241 -117.54735 33.2515 -117.48698 33.21629 -117.42914 33.15593
-117.933993 33.612718 -117.993034 33.674472 -118.043641 33.704535 -118.062962 33.71791 -118.075697 33.735499 -118.113773 33.76485 -118.150398 33.788686 -118.205683 33.826655 -118.21281 33.832116 -118.232179 33.843801 -118.264261 33.884745 -118.288056 33.911527 -118.30383 33.930631 -118.318239 33.933248 -118.328788 33.947945 -118.353115 33.961587 -118.360316 33.98879 -118.367231 34.00236 -118.389551 34.043309
-116.8033 34.36839 -116.76074 34.33389 -116.71876 34.34164 -116.66958 34.33162 -116.64316 34.34042 -116.62204 34.33338 -116.58857 34.32105 -116.53925 34.31929 -116.52517 34.31049
-117.26906 34.31693 -117.242 34.343 -117.228 34.367 -117.21 34.371 -117.20113 34.40468 -117.16715 34.43865 -117.14451 34.44431 -117.1077 34.44148 -117.05958 34.42167 -117.00297 34.39619 -116.98882 34.38204 -116.93785 34.36505 -116.85011 34.37072
-118.317227 34.092526 -118.351709 34.083846
-120.04447 39.11018 -120.05 39.148 -119.99431 39.21692 -119.96006 39.32425
-118.712 34.4172 -118.634 34.404 -118.596 34.3837 -118.545 34.3541 -118.478 34.3421 -118.424 34.3282 -118.378 34.3097
-118.453875 34.228723 -118.514462 34.248405 -118.565117 34.259675 -118.655495 34.301664 -118.705707 34.300795
-119.21196 34.26044 -119.12853 34.27598 -119.0974 34.31651 -119.04024 34.35225 -118.95891 34.36309 -118.88049 34.38133 -118.81043 34.38502 -118.77422 34.40132 -118.7227 34.39777
-120.31671 34.91778 -120.34863 34.99916 -120.41297 35.08794 -120.45711 35.12092 -120.52673 35.2101 -120.64951 35.34155 -120.80696 35.45027 -120.86799 35.50391 -120.93345 35.57117 -121.00139 35.59047 -121.05588 35.62484 -121.15266 35.65945 -121.21967 35.68358
-117.597567 32.977987 -117.614522 33.05492 -117.652547 33.072443 -117.680146 33.15778 -117.710423 33.217531 -117.74727 33.244328 -117.746213 33.332407 -117.784344 33.411311 -117.815626 33.472328 -117.819639 33.509265
-121.0498 37.00376 -121.1274 37.0909 -121.1606 37.1445 -121.2211 37.1879 -121.2708 37.2499 -121.3018 37.2974
-121.1429 37.1081 -121.138 37.034 -121.011405 36.907055 -120.903581 36.793956 -120.82285 36.62523
-117.96535 36.30771 -118.02 36.5047 -118.043 36.5522 -118.07 36.6355 -118.083 36.6943 -118.119 36.7739 -118.16 36.8506 -118.197 36.9315 -118.329 37.234
-118.34453 37.19276 -118.37579 37.23434 -118.37493 37.25722 -118.4133 37.3193 -118.41006 37.33332
-116.87723 35.60639 -116.64142 35.72774
-119.70618 34.8866 -119.6211 34.8301 -119.5833 34.8119 -119.5058 34.7989 -119.4508 34.7649 -119.3447 34.6742
-117.85949 33.22678 -117.917 33.2798 -117.943 33.3184 -117.986 33.3546 -118.06 33.4428 -118.08 33.4816 -118.119 33.5449 -118.146 33.5835 -118.233 33.6919 -118.254 33.7472 -118.334 33.7895 -118.4 33.8175 -118.439 33.8637 -118.496 33.9021 -118.557 33.9702
-116.904637 35.612188 -116.942309 35.639785 -116.975937 35.659784 -117.051608 35.68278 -117.090485 35.711244 -117.121394 35.754475 -117.167982 35.860766 -117.171031 35.890425 -117.186459 35.920665 -117.214722 36.008113 -117.219646 36.038329 -117.196684 36.070863 -117.219767 36.206965 -117.264329 36.269868 -117.31814 36.307068 -117.411468 36.439636
-116.77996 34.92533 -116.78978 35.03095 -116.80941 35.05285 -116.88305 35.24799 -116.88668 35.32016 -116.91541 35.40109
-117.740948 33.837646 -117.817284 33.824528 -117.885812 33.843517
-122.16225 37.31225 -122.2164 37.35044 -122.25534 37.38728 -122.34211 37.44925 -122.39136 37.52283 -122.49369 37.58631 -122.55638 37.64006
-118.788847 34.619203 -118.840861 34.621576 -118.889804 34.616503 -118.971255 34.579874 -119.128401 34.576923 -119.257609 34.603904 -119.335734 34.622932 -119.370024 34.64962 -119.427048 34.665129
-116.720392 34.054959 -116.701456 34.060183 -116.679651 34.072529 -116.638336 34.080127 -116.591283 34.078702 -116.558575 34.082976 -116.479389 34.110992 -116.459305 34.124288 -116.414547 34.130461 -116.283143 34.144707 -116.228631 34.147556 -116.081734 34.138059 -116.053617 34.130461 -116.011154 34.125713 -115.958937 34.108143 -115.943444 34.106244 -115.84548 34.09336
-115.98907 34.12149 -116.02888 34.15398 -116.06131 34.20586 -116.12356 34.29145 -116.17543 34.3913 -116.25195 34.47041 -116.25713 34.47948 -116.25713 34.49116 -116.33364 34.56248 -116.37643 34.63381 -116.40627 34.69735 -116.48537 34.81796
-119.775744 34.233774 -119.832009 34.26542 -119.911741 34.287731 -119.978363 34.3044 -120.060193 34.275513 -120.1194 34.248765
-119.477517 34.171574 -119.572091 34.154492 -119.639387 34.150259 -119.683376 34.155471 -119.802532 34.167938
-121.40362 41.19941 -121.33572 41.11377 -121.28748 41.03581 -121.2702 40.96952 -121.28947 40.88977
-119.295899 34.941519 -119.237059 34.956225 -119.206204 34.955636 -119.128158 34.986937 -119.080912 35.007082 -119.050539 35.007477 -119.036075 34.991677 -119.012934 34.978248 -118.994132 34.968373 -118.979456 34.943872 -118.968693 34.935049 -118.948601 34.93152 -118.927792 34.932696 -118.910727 34.939144 -118.878998 34.935049
-122.84302 37.91569 -122.91777 37.9468 -122.93798 37.96232 -123.02739 37.97097 -123.17321 38.09367 -123.23464 38.18435 -123.27758 38.31156
-122.59217 37.68165 -122.71239 37.81246 -122.84302 37.91569
-120.24502 39.51327 -120.23168 39.467 -120.20324 39.41875 -120.14412 39.3471 -120.10358 39.2839
-117.867278 33.926854 -118.043247 33.93151 -118.143496 33.954077 -118.297611 34.058606
-121.37575 36.93768 -121.33534 36.89357 -121.29735 36.85596 -121.25795 36.81047 -121.2073 36.75499
-117.990061 34.162964 -118.002543 34.160883 -118.014949 34.155547 -118.02924 34.150715 -118.049336 34.140871 -118.057453 34.139141 -118.080546 34.129641 -118.115128 34.12288 -118.123121 34.121299 -118.128951 34.118318 -118.223 34.1217
-119.304 34.3386 -119.38 34.337 -119.424 34.356 -119.47 34.3573 -119.531 34.3572 -119.631 34.3582 -119.749 34.3617 -119.861 34.3822 -119.939 34.3991 -120.386 34.3573
-116.356139 35.243809 -116.300441 35.171611 -116.180845 35.065611
-118.530445 33.794246 -118.394885 33.811895
-122.24276 36.98756 -122.08523 36.91161 -122.0218 36.8416 -121.99073 36.80062 -121.89617 36.72562 -121.81252 36.69627 -121.76346 36.67446 -121.69318 36.64715 -121.63099 36.58147 -121.5717 36.56294 -121.50869 36.4857 -121.46363 36.43736 -121.35785 36.35922 -121.30544 36.26658 -121.24901 36.20935
-117.800342 33.871463 -117.867418 33.864514
-121.24901 36.20935 -121.16389 36.12691 -121.13214 36.08953 -121.06828 36.02763 -121.00323 35.9331 -120.967 35.88708 -120.90353 35.81184 -120.82137 35.7273 -120.77665 35.6867 -120.71813 35.64417 -120.6697 35.57253 -120.63578 35.51539 -120.61787 35.46358 -120.58937 35.41377 -120.5607 35.37442 -120.49332 35.30173
-119.31708 38.20659 -119.30286 38.23859 -119.30463 38.26348 -119.23174 38.3346
-121.64225 40.98377 -121.61543 40.91058 -121.62665 40.84598
-122.44004 38.16672 -122.48639 38.20684 -122.54279 38.27002 -122.63916 38.36302 -122.67316 38.40905 -122.70563 38.46776 -122.76006 38.52276 -122.86716 38.63767 -122.99627 38.76252
-117.14623 32.53385 -117.150521 32.60327 -117.165444 32.647766 -117.162085 32.709887 -117.170444 32.729042 -117.197599 32.759508 -117.20996 32.801083 -117.241287 32.835482 -117.263572 32.854538 -117.325147 33.018883 -117.399 33.105 -117.41 33.124 -117.4355 33.141
-118.599224 37.242436 -118.616177 37.251322 -118.635126 37.264669 -118.641108 37.278611 -118.638807 37.301507 -118.627613 37.326661 -118.615129 37.34512 -118.614993 37.357403 -118.629718 37.382486 -118.642509 37.397525 -118.650613 37.40476 -118.651195 37.413692 -118.637192 37.446111 -118.641574 37.481272 -118.650427 37.515172 -118.671781 37.524737 -118.702307 37.539727 -118.730855 37.548582 -118.742319 37.560275
-123.77894 40.27215 -123.86554 40.34205 -123.89358 40.3847 -124.10764 40.47629 -124.24747 40.51635 -124.35293 40.50959 -124.45248 40.58565 -124.48666 40.64498 -124.56246 40.68344
-119.402865 34.94406 -119.362861 34.915714 -119.21 34.8639 -119.030091 34.828957 -118.890122 34.807599
-119.8659 35.3142 -119.7068 35.1607 -119.5583 35.0475 -119.4711 34.9878 -119.4029 34.9441
-119.865953 35.314166 -119.970299 35.413909 -120.086757 35.533307 -120.300046 35.751982
-116.24629 33.78825 -115.71192 33.35009
-120.56133 36.00264 -120.66954 36.10514 -120.73885 36.16257 -120.82808 36.24267 -120.88991 36.30519 -121.00091 36.41619 -121.08632 36.50079 -121.16568 36.57409 -121.20964 36.61081 -121.30703 36.69336 -121.37001 36.7393 -121.47635 36.80405
-118.890122 34.807599 -118.887642 34.807221 -118.767314 34.773248 -118.508948 34.698495
-118.508948 34.698495 -118.103936 34.547849 -117.753579 34.402927 -117.549 34.3163
-117.270207 34.171718 -117.222023 34.150027 -117.14295 34.134071 -117.084949 34.117338 -116.997473 34.098139 -116.939391 34.084453 -116.839872 34.074855 -116.751149 34.063181 -116.651113 34.034248 -116.562256 34.002651 -116.515888 33.971841 -116.466477 33.933125 -116.422437 33.90582 -116.315976 33.844032 -116.24629 33.78825
-122.66515 37.89651 -122.70197 37.9354 -122.77521 38.02445 -122.84895 38.09768 -122.89467 38.14614 -122.9683 38.22641 -123.0007 38.26875 -123.07988 38.36727 -123.11884 38.40803 -123.21689 38.49986 -123.26219 38.54419 -123.31036 38.59103 -123.36404 38.64567 -123.43288 38.71626 -123.48366 38.76575 -123.52247 38.8078 -123.59011 38.87964 -123.6909 39.00072 -123.7299 39.04879 -123.79545 39.14784
-123.79545 39.14784 -123.81909 39.20339 -123.85536 39.28352 -123.86533 39.3291 -123.90591 39.39779 -123.92999 39.48017 -123.94736 39.53142 -123.962 39.64229 -123.99692 39.73711 -124.01806 39.83372 -124.0403 39.92449 -124.08612 40.01099 -124.15413 40.08725 -124.25098 40.15296 -124.34336 40.20667
-120.300046 35.751982 -120.56089 36.002647
-122.00197 37.17514 -122.05407 37.22235 -122.11594 37.27902 -122.16575 37.31659 -122.20213 37.35174 -122.26628 37.42341 -122.35596 37.51492 -122.44534 37.62354 -122.50232 37.67787 -122.54528 37.72311 -122.61984 37.83078 -122.66515 37.89651
-117.549 34.3163 -117.451 34.2709 -117.388692 34.232843 -117.274161 34.173137 -117.222023 34.150027
-117.222023 34.150027 -117.067674 34.092795 -117.0139 34.073768 -116.90235 34.033837 -116.873541 34.011347 -116.819795 33.959114
-116.24629 33.78825 -116.383007 33.848518 -116.426527 33.848123 -116.516889 33.884664 -116.584856 33.907018 -116.623871 33.917569 -116.685809 33.944163 -116.778598 33.937411 -116.801391 33.953154
-122.00197 37.17514 -121.97604 37.15797 -121.88688 37.09443 -121.81994 37.05752 -121.7641 37.02349 -121.73022 36.98707 -121.66466 36.93344 -121.61674 36.90468 -121.52059 36.8348 -121.47635 36.80405
-118.762 34.4361 -118.831 34.4047 -118.865 34.4021 -118.913042 34.41725 -118.923852 34.427038 -118.927914 34.449464 -118.943631 34.448406 -118.976854 34.4221 -119.007521 34.421776 -119.036709 34.422944 -119.081818 34.435734 -119.103758 34.432891 -119.159061 34.449967
-117.382539 31.994933 -117.448625 32.038755 -117.50254 32.063277 -117.555102 32.107765 -117.604367 32.125669 -117.664869 32.173872 -117.692363 32.203714 -117.736624 32.233458 -117.774252 32.262009 -117.82937 32.311346 -117.877817 32.35586 -117.914751 32.3929 -117.953395 32.477543 -117.995502 32.544257 -118.045875 32.583077 -118.080884 32.641468 -118.164983 32.704173 -118.226359 32.740645 -118.266172 32.770266 -118.330663 32.83611 -118.365125 32.888944 -118.397439 32.916552 -118.454594 32.948434 -118.483975 32.984281 -118.524849 33.036563 -118.567196 33.07696 -118.627418 33.134131 -118.666064 33.168011 -118.720391 33.215109 -118.804577 33.288003
-117.4148 32.3996 -117.4576 32.474 -117.4868 32.5126 -117.5178 32.5551 -117.5665 32.6289 -117.5797 32.6528 -117.5962 32.6804 -117.6303 32.7339 -117.6618 32.7703 -117.6802 32.7951 -117.7008 32.825 -117.7228 32.8541 -117.735 32.8706 -117.7402 32.8845 -117.7612 32.918 -117.7785 32.9342 -117.7899 32.9473 -117.8162 32.964 -117.8313 32.9759 -117.8562 32.9954 -117.8883 33.0317 -117.9159 33.0594 -117.9507 33.1049 -117.9787 33.132 -117.9984 33.143 -118.0017 33.1622 -118.0205 33.1863 -118.0399 33.2208 -118.0741 33.265 -118.0748 33.2656 -118.1039 33.3093 -118.1235 33.3321 -118.1392 33.355 -118.1529 33.3693 -118.1855 33.3969 -118.2309 33.4244 -118.2489 33.4328
-117.428825 32.447493 -117.352076 32.317965 -117.329247 32.263617 -117.242997 32.167181 -117.213693 32.140455 -117.166753 32.068361 -117.11048 32.02117 -117.083009 31.98074 -117.033767 31.871583 -117.001185 31.825004 -116.965155 31.797774 -116.896383 31.75311 -116.800645 31.684391 -116.773005 31.653614 -116.705128 31.601704 -116.637984 31.579077 -116.528148 31.578082 -116.452675 31.568752 -116.387931 31.551577 -116.322455 31.525488
-118.280034 34.317807 -118.301 34.3311 -118.428 34.3705 -118.489 34.3947 -118.561 34.4363 -118.644 34.5142 -118.696 34.5606 -118.772 34.6203 -118.816 34.6621 -118.875 34.714
-117.631 34.2629 -117.68 34.235 -117.743 34.2434 -117.889 34.2574 -117.939 34.2492 -118.035 34.246 -118.088 34.2533 -118.136 34.2647 -118.207 34.2867 -118.255 34.3009 -118.280034 34.317807
-116.780054 33.939289 -116.856123 33.946653 -116.910793 33.929165 -116.978925 33.976742 -117.066595 33.985087
-122.70499 37.93885 -122.6831 37.89578 -122.65915 37.85063 -122.62569 37.78453 -122.57074 37.6583 -122.54313 37.59522 -122.51483 37.52315 -122.44104 37.42378 -122.41812 37.37835 -122.36936 37.25544 -122.31521 37.16371 -122.26922 37.08759 -122.24276 36.98756 -122.20496 36.92193 -122.17551 36.85944
-121.70383 36.15477 -121.77425 36.24816 -121.88147 36.33826 -121.94926 36.41514 -122.01226 36.54491 -122.03897 36.59382 -122.06301 36.64355 -122.08064 36.68964 -122.12671 36.76527 -122.15113 36.80982 -122.17551 36.85944
-116.914297 33.736426 -116.844717 33.696672 -116.549 33.5112 -116.513295 33.489548
-116.205 33.2066 -116.164 33.1822 -116.129 33.1434 -116.058 33.0976 -116.011 33.0297 -115.943 33.001
-116.513295 33.489548 -116.393 33.4166 -116.339 33.396 -116.297 33.3839 -116.21 33.315 -116.147 33.2854 -116.099 33.2558
-116.543 33.4688 -116.47 33.4204 -116.283 33.2636 -116.205 33.2066
-117.50122 34.2466 -117.44196 34.18028 -117.325 34.1013
-117.50032 34.26298 -117.389 34.1917 -117.325 34.1013 -117.237 34.017
-117.237 34.017 -117.222 34.0067 -117.08958 33.904534
-117.08958 33.904534 -116.914297 33.736426
-115.943 33.001 -115.80666 32.93785 -115.698 32.8842
-117.933 33.695 -117.823 33.688 -117.736 33.647 -117.674 33.597
-117.69006 34.11406 -117.73052 34.08464 -117.83841 34.06012 -117.87888 34.03928
-120.3719 35.7928 -120.29537 35.6797 -120.22916 35.50193 -120.12495 35.30454 -120.08205 35.28247 -119.96066 35.14761
-120.49158 34.99137 -120.55911 35.05323 -120.60988 35.08534 -120.65927 35.12061
-120.68866 35.03899 -120.73651 35.10442 -120.80622 35.14009 -120.89162 35.19147
-120.09012 34.77303 -120.18996 34.81084 -120.31534 34.91415 -120.3696 34.95465 -120.44137 34.99749 -120.51462 35.07302 -120.56678 35.11163 -120.64047 35.14155 -120.77209 35.19377
-118.334515 33.471757 -118.383997 33.502613 -118.467427 33.577732 -118.503133 33.640099 -118.584178 33.729656 -118.65695 33.808321 -118.699184 33.85585 -118.722332 33.902369 -118.797322 33.940794
-118.467212 33.736404 -118.514186 33.768303 -118.60331 33.799642 -118.66368 33.849343 -118.688071 33.880574
-118.307256 34.059437 -118.402567 34.069352
-118.5233 33.38443 -118.77243 33.46513 -118.797007 33.497788 -118.847378 33.526389 -118.857353 33.561757 -119.008808 33.650496 -119.048369 33.683817 -119.09158 33.713975 -119.133012 33.745692 -119.202511 33.789249 -119.277873 33.841921 -119.362494 33.891278 -119.487484 33.9851
-119.994 34.0727 -119.874 34.0314 -119.778 34.0155 -119.725 34.0048 -119.612 33.9857 -119.515 33.9871 -119.347 33.9785 -119.26 33.9828
-118.785465 33.767218 -118.916594 33.873499
-118.411767 34.069082 -118.455831 34.042053 -118.474925 34.035603 -118.481299 34.031558 -118.524725 34.03043 -118.554424 34.032434
-119.906 34.0112 -119.966 33.9855 -120.111 33.9714 -120.18 33.9722 -120.23 33.9833 -120.3 33.9844 -120.358 33.9873 -120.43 33.9873 -120.511 34.0199
-118.49552 34.32418 -118.45299 34.3268 -118.41531 34.3018
-118.49553 34.32418 -118.52319 34.30532 -118.54583 34.30029 -118.58105 34.32041 -118.61626 34.32292 -118.63386 34.33298 -118.70806 34.35059 -118.76715 34.35939
-119.636 34.4992 -119.553 34.488 -119.501 34.4888 -119.435 34.4987 -119.32 34.5067 -119.23 34.5293 -119.164 34.5315 -118.954 34.5697 -118.904 34.5839
-120.48339 34.5126 -120.307 34.5121 -120.263 34.5147 -120.208 34.5239 -120.12 34.5442 -120.031 34.5618 -119.977 34.5603 -119.935 34.5474 -119.867 34.5533 -119.806 34.5484 -119.732 34.5205 -119.6355 34.4992
-120.667 34.6554 -120.5497 34.6354 -120.408 34.6484 -120.3257 34.65 -120.2388 34.6129 -120.1144 34.58 -120.0249 34.5817 -119.8974 34.5508
-121.95018 37.13935 -121.85278 37.10788 -121.77617 37.08027 -121.68031 37.00954 -121.62556 36.97964 -121.52101 36.91338 -121.41184 36.8707
-118.004393 35.768031 -118.106126 35.672058
-115.62904 34.13881 -115.73944 34.23976
-120.742 35.132 -120.799 35.177 -120.874 35.213 -120.906 35.235 -120.937 35.256
-117.74 34.1231 -117.755 34.1219 -117.769 34.1317 -117.807 34.1305 -117.818 34.1323 -117.86 34.1587 -117.881 34.147 -117.94 34.1501 -117.985 34.1611 -118.003 34.1752 -118.068 34.1758 -118.112 34.201 -118.149 34.2028 -118.189023 34.210744 -118.222677 34.23489 -118.262344 34.249456 -118.279323 34.258494 -118.29 34.2751
-118.2951 34.2782 -118.3278 34.2729 -118.411 34.29 -118.41531 34.3018 -118.4889 34.284
-117.99 36.2193 -118.038889 36.293311 -118.030336 36.351791 -118.0317 36.408184 -118.092 36.5015
-121.6343 37.17361 -121.70093 37.21722 -121.7505 37.27167 -121.89906 37.36411 -121.94148 37.42088 -121.962 37.502
-118.696 34.3038 -118.758 34.2835 -118.836 34.2708 -118.885 34.2523 -118.951 34.2468 -119 34.2346 -119.043 34.2422 -119.1 34.2168
-119.288671 34.397298 -119.128742 34.427619 -119.076635 34.435385
-120.96811 40.08853 -121.04058 40.11515 -121.08078 40.15228
-118.023 35.2943 -118.04 35.347 -118.051 35.4261 -118.034 35.5384 -118.004 35.568 -117.909 35.61 -117.869 35.6839 -117.895976 35.758284 -117.911981 35.934098 -117.945936 35.972588 -117.985 36.08 -118.009 36.124 -117.99 36.2193
-120.3477 35.249 -120.2316 35.1952 -120.1743 35.1638 -120.105 35.1174 -120.03838 35.073939 -119.987159 35.017466 -119.909437 34.959584 -119.869023 34.93922 -119.819805 34.93345 -119.747103 34.918045 -119.68108 34.879835 -119.596721 34.861941
-121.87027 42.477 -121.786 42.34266 -121.74036 42.28249 -121.65241 42.08454 -121.5957 42.03508
-121.71837 42.01857 -121.78586 42.09167 -121.82879 42.12408 -121.8223 42.25936 -121.89333 42.32458 -121.96332 42.43793
-115.895 33.0344 -115.802388 33.008187 -115.664 32.8999 -115.606214 32.830261
-120.03766 41.16615 -120.13631 41.3162 -120.15108 41.41223 -120.1984 41.50288 -120.18162 41.58297 -120.22702 41.67057 -120.20292 41.71606 -120.17803 41.76672 -120.16256 41.90839
-120.92989 38.71749 -121.21057 38.99235 -121.26584 39.06952 -121.31983 39.18731 -121.35048 39.23913 -121.43123 39.3944 -121.46338 39.53171
-124.179766 40.647781 -124.282 40.696 -124.47499 40.698 -124.679 40.828
-117.196 35.91796 -117.25552 35.86348 -117.2524 35.80467 -117.2634 35.78965 -117.2363 35.75511 -117.22935 35.74856 -117.21721 35.6805 -117.25269 35.64161
-117.641492 32.50357 -117.676275 32.564496 -117.695715 32.615938 -117.715741 32.659585 -117.740295 32.697461 -117.779017 32.751044 -117.816353 32.792068 -117.854668 32.836543 -117.895935 32.897949 -117.955106 32.960366 -118.014735 33.015033 -118.166323 33.058391
-117.45132 37.02513 -117.47617 36.93062 -117.48989 36.87013 -117.48476 36.80141 -117.53875 36.73244 -117.54048 36.71052
-117.11255 36.59229 -117.20594 36.54908 -117.20933 36.488803 -117.23674 36.43412 -117.25182 36.42547 -117.26948 36.39168 -117.26208 36.30408 -117.22291 36.25892 -117.2326 36.23879
-123.841 40.79 -123.922142 40.854265 -123.999406 40.936522 -124.028671 40.982054 -124.111715 41.040406 -124.250653 41.187327 -124.318606 41.244234 -124.343 41.297 -124.394 41.449
-119.0089 34.411 -119.07298 34.37641 -119.18801 34.28372 -119.31885 34.28342 -119.413 34.3077 -119.463 34.3027 -119.593 34.2974
-118.12975 34.1187 -118.18648 34.1496 -118.22854 34.15508 -118.29071 34.19714 -118.36569 34.22274 -118.40775 34.25383 -118.42055 34.26115
-121.02111 40.22883 -121.0352 40.2887 -121.06765 40.33295 -121.06688 40.42177 -121.08739 40.49447
-122.48252 38.50695 -122.38096 38.37192 -122.32023 38.30753 -122.2825 38.21706 -122.24451 38.16441
-120.00645 38.74818 -120.022169 38.815288 -120.058666 38.884706 -120.074076 38.966114 -120.087864 38.999561 -120.105707 39.098008 -120.087864 39.182572 -120.104896 39.210339 -120.108951 39.23432 -120.120306 39.262087
-118.166262 37.022093 -118.166591 37.039763 -118.187558 37.068579 -118.223668 37.171883 -118.258268 37.241491 -118.279221 37.302489 -118.293017 37.333451 -118.305146 37.378491 -118.318109 37.430143 -118.330145 37.484746 -118.335701 37.527544 -118.348663 37.575506 -118.367181 37.66848 -118.375514 37.735627 -118.41131 37.783909 -118.429054 37.831494 -118.413476 37.869922 -118.385699 37.900913 -118.345886 37.942973 -118.337553 37.964371
-119.007 35.0276 -118.811 35.1464 -118.779 35.1776 -118.735 35.2097 -118.672 35.2322 -118.602 35.2673 -118.538 35.3204 -118.487 35.3711 -118.470829 35.383905
-118.470829 35.383905 -118.107 35.672
-117.59 33.8289 -117.636 33.8511 -117.717 33.8733 -117.792 33.9074 -117.852 33.9297 -117.992 33.9712 -118.048 33.995
-122.84493 38.95284 -122.96637 38.91723 -123.038 38.9356
-117.88859 33.858457 -117.719217 33.930896
-122.32902 37.18723 -122.27512 37.16908 -122.21799 37.16386 -122.06613 37.11188 -121.9828 37.09912 -121.88691 37.03836 -121.78833 36.95468 -121.74411 36.92647 -121.68084 36.87895 -121.63076 36.83695 -121.56312 36.80911 -121.46917 36.79985
-118.552 34.0202 -118.649256 33.991923 -118.743 33.9731 -118.819 33.9581 -118.935 33.9474 -119.02 33.9698 -119.145 33.9748 -119.228 33.9388
-115.705973 33.345023 -115.479833 32.957356 -115.476202 32.910679 -115.486966 32.840735
-117.74547 34.033201 -117.710275 33.97237 -117.62862 33.885689 -117.565759 33.824237
-122.16307 37.91952 -122.17658 38.00031
-122.18521 38.00861 -122.2031 38.10709
-122.20864 38.11694 -122.2339 38.14736
-122.05607 37.86113 -122.07616 37.92914
-122.16911 38.02268 -122.20059 38.09978
-122.11791 37.93103 -122.09143 37.88491
-122.16811 38.02224 -122.08634 37.94192
-122.24962 38.12536 -122.21121 38.10945
-117.85949 33.22678 -117.838 33.2066 -117.742 33.0732 -117.687 33.0269 -117.616 32.952 -117.574 32.9251 -117.52 32.8655 -117.507 32.8085 -117.467 32.7524 -117.433 32.7235 -117.413 32.6786 -117.344 32.6238 -117.315 32.594 -117.298 32.5519 -117.266 32.4949 -116.84 31.89
-121.975665 38.284082 -121.84478 38.016075
-121.654773 38.165562 -121.646706 37.994797 -121.636696 37.865888
-118.75333 34.43862 -118.6741 34.44993 -118.569355 34.433655
-123.924553 40.747027 -123.959042 40.808491 -123.996325 40.837182 -124.06962 40.899533 -124.111699 40.933175 -124.148738 40.98371 -124.233198 41.032106 -124.318606 41.244234 -124.343 41.297 -124.394 41.449
-118.932988 34.048162 -118.994236 34.05267 -119.086117 34.059373 -119.178008 34.066007 -119.239275 34.070392 -119.307624 34.067542
-118.525 34.0287 -118.62 34.0374 -118.68 34.0392 -118.727 34.0323 -118.798 34.033 -118.933 34.0464
-121.8229 37.7301 -122.0388 37.8771
-117.924673 33.605993 -117.994912 33.677996 -118.032638 33.695432 -118.09271 33.751214 -118.195121 33.820409 -118.215707 33.850256 -118.247909 33.87152 -118.281094 33.913183 -118.331504 33.956628 -118.389551 34.043309
-119.425082 34.318778 -119.47553 34.301296 -119.509731 34.29743 -119.559277 34.300243 -119.604734 34.298087 -119.643678 34.294043 -119.717206 34.31109 -119.788528 34.333581 -119.909466 34.353726 -119.934633 34.39139
-119.678 34.2523 -119.606 34.2614 -119.515 34.2504 -119.432 34.2338 -119.351 34.2315 -119.273 34.2515
-119.964392 34.316016 -119.865296 34.311974 -119.792424 34.294236 -119.744261 34.261655 -119.67665 34.252333
-117.374384 32.554003 -117.414802 32.636234 -117.49389 32.688692 -117.50616 32.733039 -117.53812 32.780928 -117.566116 32.809597 -117.624094 32.904006 -117.597567 32.977987 -117.614522 33.05492 -117.652547 33.072443 -117.680146 33.15778 -117.710423 33.217531 -117.74727 33.244328 -117.746213 33.332407 -117.784344 33.411311 -117.815626 33.472328 -117.819639 33.509265
-119.589506 34.291888 -119.688413 34.302431 -119.717206 34.31109 -119.744723 34.316721 -119.839374 34.334536 -119.901058 34.343394 -119.954815 34.369389
-117.867313 33.897733 -117.92065 33.871455 -117.966422 33.874065 -118.043521 33.892804
-118.125953 33.968959 -118.20062 33.957921 -118.334955 34.032639
-118.017825 33.931065 -118.078983 33.91569 -118.13831 33.907098
-118.655474 33.821839 -118.600535 33.809398 -118.543628 33.795762 -118.477647 33.800687 -118.393472 33.795289
-117.414848 32.399747 -117.466118 32.486867 -117.543699 32.602008 -117.603517 32.683077 -117.62991 32.733881 -117.698328 32.828497 -117.76869 32.933263 -117.826749 32.973511 -117.85506 33.001529 -117.887957 33.031749 -117.957604 33.112414 -118.022185 33.164297 -118.092145 33.189477 -118.16363 33.200979
-120.714 35.17122 -120.79901 35.17522 -120.88901 35.19322
-119.82984 34.56095 -119.87916 34.65718 -120.00004 34.69811 -120.09032 34.77388 -120.23746 34.84968 -120.26933 34.86439 -120.30979 34.91098 -120.41399 34.97596 -120.56358 35.10837 -120.64449 35.14148 -120.71314 35.16845 -120.78795 35.18193
-118.339735 33.247203 -118.51524 33.299244 -118.64507 33.357821 -118.734509 33.413744 -118.797007 33.497788 -118.847378 33.526389 -118.857353 33.561757 -119.008808 33.650496 -119.048369 33.683817 -119.09158 33.713975 -119.133012 33.745692 -119.202511 33.789249 -119.277873 33.841921 -119.362494 33.891278 -119.487484 33.9851
-118.284 34.1093 -118.389 34.0724 -118.434 34.0503 -118.458 34.033 -118.467 34.0419 -118.498 34.0364 -118.541 34.0302 -118.552 34.0202
-118.34647 34.314164 -118.402674 34.329683 -118.489096 34.328447 -118.54679 34.302198 -118.611582 34.310247 -118.680826 34.355255 -118.73348 34.343765 -118.771375 34.37235
-117.59 33.8289 -117.636 33.8511 -117.717 33.8733 -117.792 33.9074 -117.852 33.9297 -117.992 33.9712 -118.048 33.995
-121.46381 36.79268 -121.60956 36.81287 -121.74194 36.93775 -121.9734 37.08872
